13.504 -0.21786
6.6848 5.2491
-8.7446 -3.236
4.3716 -2.9824
1.7619 -5.1109
-9.5394 -0.17898
7.1978 -0.16341
0.72879 9.8447
1.1339 2.681
-2.4482 0.57944
-8.145 3.6414
5.7079 5.5743
-0.97457 3.5786
-8.4623 1.3908
1.6288 -5.1879
-9.6814 -1.3232
-7.0874 5.3726
-7.0064 6.6208
-1.8591 9.6651
0.43364 3.4487
-3.685 -0.26514
0.25512 -4.3155
7.2489 -2.0349
8.6477 -8.3335
-4.3808 -10.105
6.0652 -3.028
0.99382 -10.043
7.7397 1.2723
6.3009 4.2839
-6.9293 6.0769
-8.7916 -0.13337
-3.1076 -0.34133
11.199 -5.0925
-2.0989 1.5486
-1.6981 -2.9304
1.6173 1.7802
5.969 -9.7223
-3.7429 0.69303
-2.8473 9.1376
-9.0584 0.77918
3.0692 -4.5782
1.7473 8.7487
-8.6271 -5.7834
0.17821 2.6275
0.69689 1.78
-2.2185 -2.7343
-2.9445 -10.285
6.1868 4.5178
10.203 -8.5342
0.13702 1.8038
2.928 7.2304
6.1834 -1.4384
-2.3014 0.66023
7.3134 -8.9777
5.9345 6.7521
-3.5644 -1.6892
-3.1932 -2.3563
-5.847 -8.1782
-4.7669 -8.1148
5.4075 5.5504
1.0126 -4.7936
0.14588 1.9211
-2.8925 -1.1563
-0.57165 9.3911
5.6782 -3.7287
-9.139 -1.9672
0.38562 3.0166
4.661 -3.8863
-8.4103 -4.5806
-2.6763 0.67428
1.8919 -4.4463
-2.7848 2.7821
4.2059 -3.476
5.9328 4.9281
-1.5235 8.8812
-4.2865 7.3173
6.7166 -9.0182
-5.1341 6.8813
5.9121 -9.1897
-6.4086 -8.9706
0.99949 -4.6746
6.6802 -0.80205
11.966 -3.6062
-5.6812 5.8274
-2.3139 1.7819
-0.16787 3.5623
-6.1597 7.2642
-8.4999 -4.1999
2.1861 7.622
10.695 -4.9817
10.183 -6.7923
-2.7692 -10.95
0.068305 -11.095
6.3737 -3.1106
6.124 -10.065
-3.5806 7.762
0.9329 1.7494
13.532 -0.43961
1.6798 8.7858
-3.5113 0.29072
-2.1978 -2.4909
5.8492 -3.3484
4.8225 5.527
-2.7612 -9.7482
-8.6849 4.3877
0.51985 -4.1484
-2.4755 -1.9362
-0.83488 3.5321
2.1783 8.6134
-0.50205 8.5884
-1.1923 8.9691
0.70239 -5.3469
7.7248 -0.46252
-3.7632 1.1808
-10.371 0.48095
-1.7939 2.3073
-2.3173 -3.3575
3.8079 -10.573
2.6011 7.9261
3.7166 7.7367
4.3641 6.3744
6.1684 6.0547
4.3685 -10.416
-8.4479 5.8464
-8.0054 2.7523
-9.2509 -3.0112
5.6729 -3.9411
1.5883 2.2475
4.2855 -11.099
5.3094 -3.5871
-3.2421 -3.1838
-4.2372 8.54
7.6468 2.1892
0.2242 1.763
2.9698 8.405
-8.6431 0.33457
-0.082752 -10.568
11.243 -7.1218
-3.32 1.2037
2.5129 8.0484
0.31465 -10.363
5.7062 -2.0019
-2.467 0.44857
-3.4691 -9.8581
-6.6642 7.7598
-2.047 2.1873
5.2038 5.0139
-2.9079 1.0717
-8.1702 -3.6392
-3.1132 0.38691
7.2918 1.1638
8.0525 1.9491
6.8601 -1.885
7.615 -0.16224
-1.096 -3.3953
6.4678 -3.392
0.28002 -11.047
6.6365 -9.4514
7.7264 -8.239
12.502 -5.4308
0.84339 8.0423
7.7489 3.2217
3.1803 -3.5375
-0.52876 -11.365
7.1565 0.40896
-1.5316 1.5391
-3.61 -0.24634
-8.6693 3.1108
7.2716 -0.90619
-0.52421 8.7614
-2.9815 -0.095033
13.327 -1.6919
-1.146 2.147
-2.2144 -2.3779
4.512 7.2866
-2.125 2.6428
-1.2932 3.0954
4.2863 -10.498
0.18906 -4.5348
7.1416 -9.1285
-3.4592 0.44881
-4.8201 -9.186
0.32294 3.1877
5.3804 7.2631
7.0168 -0.80797
-4.8192 8.0732
-4.8025 -10.206
2.214 -4.1759
1.2565 8.0957
6.3398 -2.4516
-7.0269 4.7973
-3.4579 0.75822
-2.3719 -0.32884
0.70389 -3.7962
-1.588 -4.4168
5.6857 4.7116
1.971 9.5295
-2.7988 0.36282
-2.5137 1.0468
2.5381 -4.0217
-10.265 1.8767
-2.3568 -1.0171
7.0756 5.1988
6.8327 6.2854
1.194 -5.0429
-6.5506 6.5371
9.4454 -7.1701
9.3888 -9.0043
12.024 -6.2442
-0.40186 -9.9535
-4.8495 7.7372
5.3924 4.7919
-8.9629 0.45906
-1.8031 1.4822
-1.3267 -2.816
-0.12494 -4.5429
0.021855 1.8087
-0.44822 3.2952
5.446 4.7594
2.7672 8.352
-0.1771 2.7083
0.24528 2.6621
0.69251 -11.116
2.0195 -11.757
0.6453 -4.4462
0.088534 -11.632
7.4703 -0.57956
4.2785 -10.121
-2.2775 -4.4281
-0.30738 3.0185
6.0844 -1.5703
-10.318 -0.97797
-3.1659 2.2169
-5.4362 7.1607
-8.8448 5.3292
-9.5276 1.3572
5.7969 -1.9373
7.5717 -8.7563
5.0439 -3.8156
-1.5137 2.4379
2.3068 8.7557
5.0964 -2.5978
-6.0032 -8.7819
-9.5688 -1.8691
-2.7635 8.0316
-3.7551 1.2743
-7.6767 -7.5025
-6.4588 -8.4073
-7.19 5.8926
1.1782 -11.923
-7.7665 -5.7499
-2.0801 3.0453
-5.3502 6.5982
11.258 -4.6376
0.22816 2.5905
-8.6008 -5.3749
-1.9762 -3.9869
12.183 -1.968
-6.8905 5.2877
-9.2484 4.1158
-1.2323 3.3042
9.9791 -7.2338
-9.6245 -0.18452
-2.7492 -0.50415
6.3055 -9.2909
-8.571 -0.15117
0.99327 3.21
5.904 -1.557
2.2897 9.4994
-1.3026 2.0276
-2.4769 2.8395
-3.625 -0.40823
12.875 -2.1395
-0.17377 3.1675
-1.3842 1.46
1.5545 -4.901
-2.2867 2.9173
-3.2286 0.49039
-2.2113 2.7945
0.82655 -5.4202
-0.69379 -3.858
1.9876 2.0591
1.5948 8.8005
3.849 -3.8507
3.0418 8.7026
6.6353 2.7937
0.36168 -11.077
6.7092 0.59655
6.5616 0.75932
-0.054781 -4.9993
-8.3764 -2.5677
6.2979 0.81916
-8.7458 1.2152
6.7819 1.1035
-1.9295 -9.6738
4.0002 -10.385
7.7738 0.90806
-2.4035 1.4864
-2.1083 2.394
7.1125 0.38947
1.3869 -11.394
-2.2803 -0.22694
10.164 -6.8641
7.6814 3.025
0.16693 -11.233
6.3466 0.24333
5.4015 6.1145
5.4944 5.6061
-2.9942 2.0553
-3.4129 -10.672
-4.0039 -1.5324
6.3486 0.11547
6.6998 1.3383
3.2397 9.1113
-2.8431 -1.1253
-2.7047 -3.2244
2.6908 -4.9364
2.2611 9.2375
6.9171 1.6295
-2.5723 2.2522
-2.0482 -1.7159
7.0839 -2.7231
6.2959 -2.1914
6.4702 1.5275
-9.2308 -1.9157
4.7368 -3.1568
-7.3712 4.616
7.2661 3.7973
-2.2556 2.3156
6.3287 6.1439
6.5812 -10.723
-3.2156 -1.2501
0.01611 -10.839
-3.0197 1.3078
-0.89455 1.938
6.453 5.2607
-8.4413 1.1915
0.66315 2.7056
1.6228 7.9117
2.6171 9.1883
0.94301 2.941
0.68962 3.2085
0.19791 9.2023
-0.77459 2.663
-9.2215 -0.73678
3.9902 -10.826
-9.1646 -3.3168
4.8138 7.1155
-1.9633 -10.632
4.4611 -10.293
-9.6082 -2.4843
1.3621 -10.517
-10.107 -3.1268
-8.5744 -6.1135
0.060105 -4.3582
-8.8077 -1.548
2.4918 -4.6483
6.7197 -2.6339
5.9028 -1.9599
-1.6339 2.2228
14.524 0.3022
-4.9404 -9.4717
-6.802 5.7108
1.0695 -4.5537
-0.14926 3.5356
1.2998 1.8508
4.2077 -11.205
-0.72976 -3.964
12.534 -5.6277
-0.96953 2.4843
-8.7258 5.3257
-3.515 1.5566
5.9196 -2.8069
-3.2705 -0.59352
-3.0983 1.5969
-1.0043 3.1433
5.1734 -3.4188
-2.2329 1.9161
12.848 -2.3348
5.7397 5.1137
-5.6853 7.5439
-3.8362 -1.6005
-3.0984 -1.5578
7.9749 -8.3438
0.31688 3.4108
2.1137 8.2699
-9.2824 0.74231
12.048 -2.0303
5.4783 -3.2621
-1.332 -3.3285
4.7997 -4.3298
6.8212 4.7982
0.12408 2.0913
0.065452 1.8093
-6.2428 6.6048
-1.7658 2.3131
-4.8718 8.0748
2.4833 8.4722
-5.0857 -9.1139
-2.378 1.2318
6.5407 1.9162
-6.075 6.2071
-3.2408 -1.8117
-5.4588 -8.8839
8.2834 1.8373
-3.7552 -1.3564
0.77857 8.7753
-2.7716 0.53966
1.4166 2.7225
6.469 4.6434
11.204 -5.1793
-1.4449 3.4567
12.008 -5.8715
0.19187 2.2111
-5.8466 7.414
6.3684 4.5337
0.57582 2.0323
13.394 0.6083
-3.4504 8.7834
12.192 -5.3108
4.4087 7.3282
-4.3293 -9.4567
0.3994 -11.38
-4.7436 6.8765
12.763 -2.6693
8.0863 -9.4676
-5.3707 7.0454
-3.0438 -0.7193
7.0301 3.1269
5.8499 5.3623
7.3721 0.7525
-9.2569 -5.1233
-8.7473 1.7634
0.67069 -4.1104
6.305 -0.12307
12.862 -1.0821
-5.6111 6.6718
-1.1284 3.203
6.7181 3.0906
7.9021 3.029
7.5249 -1.3239
7.893 0.087556
3.6802 7.9028
8.0829 1.4584
-9.2836 -1.1842
-2.6856 -3.5457
-2.4763 -2.3973
-7.8431 -5.7202
-1.9252 -1.9691
-1.2439 -11.279
4.8325 -9.8744
-1.1924 -3.9219
-6.0946 -8.6301
3.6474 7.3396
0.41609 2.3759
-1.413 -11.15
-2.3413 -0.84923
-2.1062 2.1928
6.2182 5.6075
-3.8724 -0.79805
-0.47766 -3.5561
1.9933 -3.8778
6.3522 -1.1404
-5.6104 6.4548
7.3239 1.6209
3.9562 7.6874
-1.5697 1.6636
-9.8053 -1.7355
-0.96654 -4.4191
-8.1597 -3.3759
3.1144 -4.6573
-1.3933 2.1628
4.7449 7.2238
6.6044 6.4092
-4.3025 7.4207
8.7572 -9.289
-8.5833 -1.0482
11.011 -7.6479
-2.7646 2.7119
-1.8153 -3.1424
0.48378 2.6359
5.8193 -2.4279
-3.0679 -2.1926
-2.9877 -2.1455
-8.9327 -0.097199
4.0577 6.4722
-1.2965 3.2822
-3.6009 -1.6196
-3.2574 0.079647
-5.3175 -7.9429
-8.6493 1.3139
3.5546 7.684
-2.692 -1.2957
-9.1662 2.7223
-7.7874 5.7698
13.668 -2.5173
7.9008 -9.6246
-6.4735 5.8411
12.493 -5.6404
4.3678 6.9492
-2.6067 1.652
12.812 0.25724
5.2352 7.0006
-0.4346 -5.0433
-2.596 -3.1105
0.32114 -5.6086
3.7417 7.3723
-2.559 2.2381
13.744 -0.16099
-3.5069 -0.13227
1.2957 -5.7688
-7.9568 3.4114
5.1325 5.9748
-5.3457 -8.1813
0.65394 2.4222
12.139 -3.7054
-1.268 -3.892
-0.33767 2.4615
-8.2013 2.1178
5.6201 -3.4886
-1.2065 -3.3114
6.7313 -10.02
-3.5977 -0.47123
-5.2454 -7.6942
-3.7874 0.48441
-9.3706 -3.931
6.7833 -1.4926
4.55 -2.744
-9.5931 -1.6036
13.402 -1.7577
3.9914 -3.5464
0.14757 2.1327
7.877 0.28981
-6.292 5.8906
-8.9272 -1.6616
-0.89191 3.1958
3.0126 -5.5485
1.9967 8.0559
11.908 -5.2156
-6.8124 -6.5529
-0.89505 -5.1147
7.3776 4.013
0.57117 3.2164
6.4865 6.0106
-1.2618 -3.8431
-1.4912 1.5735
-2.2142 0.63547
7.0541 -10.087
4.9522 -10.939
-8.1718 -5.4109
5.0671 -10.53
6.05 -0.10956
-3.2373 -0.86126
1.2762 1.7803
5.9236 -2.5179
1.5244 2.415
4.5333 -3.0709
-5.5317 6.7729
14.2 0.2625
-5.3768 8.43
-4.4836 -9.5455
-5.3493 -7.8039
-4.5349 7.0005
-3.8206 0.69813
-9.3083 -5.1084
3.6844 -4.5916
7.4623 4.8782
-7.827 4.2817
2.2641 8.003
-2.3244 -3.5235
-9.5464 3.0423
-2.473 -4.1468
5.1336 5.0327
-8.6662 -1.146
0.027671 8.8465
-3.2564 -1.4146
-3.8586 0.081407
-9.6556 2.2479
-0.071123 8.7255
0.60384 2.7714
-2.4565 -1.1924
10.831 -5.8779
-5.9531 -8.2989
11.524 -5.4335
-7.2117 6.7781
6.9745 2.3349
-3.2056 1.54
0.41186 2.4724
-1.9924 1.3647
-9.7488 -3.6582
-1.3745 1.9918
-0.31194 2.0249
-8.604 0.24892
3.0073 -11.435
-2.4051 -11.456
7.9618 -9.3944
2.7072 8.1667
1.521 2.0967
0.65623 -4.742
-2.499 -11.296
0.46874 1.8095
4.6612 -3.5412
0.22408 1.8049
-8.6277 1.6184
1.5919 2.6088
4.6795 -2.7606
-0.66592 3.234
-3.5029 -1.7267
-3.4957 -1.0418
-7.4619 -6.8836
-3.1323 -10.324
-0.99479 2.9003
-2.5347 9.2693
6.0415 5.203
-3.3756 -1.8414
6.3613 -1.3876
13.794 -2.657
13.127 -4.8188
-0.58006 2.746
2.018 -5.0611
4.0836 8.4587
-2.5658 9.3886
7.5057 0.19793
5.1053 -3.6233
8.0593 2.5492
-8.7883 -3.43
3.0274 8.1331
-6.9285 -6.6142
-2.6718 2.5414
4.6637 -2.8804
8.551 -8.2229
1.1889 9.5388
11.095 -7.5885
-6.3023 -8.5133
0.018195 2.5496
-2.9896 -2.9645
-3.9413 -1.5458
7.1636 0.7609
-2.3695 -0.49796
-0.71175 3.2586
2.0129 -4.9077
-4.6331 7.0611
6.6205 3.4383
0.16212 2.5806
2.6248 8.2284
0.062909 -4.9151
11.066 -4.7355
-3.5258 -0.41705
-2.5093 -3.1397
-9.8686 1.1762
-0.1907 2.0896
1.2082 -4.632
0.9374 -1.3526
-1.3068 -7.7557
-3.9874 3.6357
-6.5057 0.80207
-0.058182 -1.3128
-2.8528 -6.4084
9.8134 -0.53779
2.5914 5.0866
1.0854 -1.2642
3.9877 3.1455
-5.8212 -3.7982
6.6104 -5.4548
3.2775 5.4281
-3.1706 -5.6491
-4.473 5.3891
-12.047 2.8737
-5.5314 1.488
10.165 4.3168
-2.5998 -6.9759
2.9762 4.9869
0.7758 -0.76297
3.3475 2.3185
-5.7833 2.4926
-0.41658 -1.7225
-6.7744 10.317
-4.1325 -4.9748
-8.4857 9.2226
0.80209 -8.2023
10.569 2.8691
-5.9745 -1.3349
2.096 4.3953
1.0231 -2.631
-0.090498 -0.82902
1.7298 4.964
-5.3287 -5.1439
-10.258 5.6376
5.4836 10.546
-3.3641 -5.3744
0.0067281 -2.21
3.5658 -8.3886
-1.1783 -7.6134
-3.0002 11.385
-5.2733 2.833
7.802 -4.7108
-2.873 11.335
11.018 0.63472
-0.59481 -7.8005
4.8693 11.831
-1.018 6.0611
4.9153 0.023778
3.9079 -0.071673
-3.3678 -5.9492
9.6425 6.4546
10.604 -2.7609
-3.8559 11.673
3.5362 10.802
-7.0878 0.20961
9.5744 7.1135
11.306 1.9304
-9.1825 7.7923
0.4224 5.9175
0.64337 12.964
1.7804 6.184
4.1076 1.3413
5.2128 2.0221
3.2864 -1.3651
0.3547 5.4462
-10.204 6.1793
-5.1834 2.4384
3.7044 0.38459
0.23161 5.8527
-0.055358 -1.7119
0.98181 -1.5496
-7.2523 10.406
1.1738 -2.1675
-4.422 11.043
-0.59192 -1.6088
-3.2059 4.476
10.774 -0.96996
9.6486 -3.9149
7.9285 7.6142
4.5977 1.4712
4.1932 3.3563
10.567 -1.7991
9.9483 6.7276
2.9603 3.3704
1.4543 5.2979
10.528 -0.35725
-5.2182 -4.6075
-2.9902 11.826
-2.0612 -7.6486
0.00050726 5.6746
2.1017 5.0722
7.3691 9.4599
-12.402 2.7577
-5.4678 4.392
3.9942 -1.0553
9.4623 -0.39083
-5.6662 -3.0927
0.67886 6.6086
-0.25646 -7.0957
10.49 5.3633
8.4908 5.8945
3.3206 2.6251
3.7612 10.748
3.2144 3.3779
-5.3398 3.4516
6.9757 -6.9047
4.0197 -0.30777
-4.1698 -6.0441
10.997 2.5622
10.867 1.7599
8.9343 5.8078
4.1659 -1.2169
10.539 1.179
0.3823 -0.96015
3.9827 0.40526
3.6264 -1.0079
1.5565 12.328
7.0032 9.7819
5.2865 -6.3173
-6.5616 10.373
2.4912 -0.57353
1.9665 5.4191
0.6006 12.38
3.6856 4.5457
0.88098 -2.2263
2.0043 -2.1433
4.5806 -6.762
-3.0836 -7.4587
9.4479 -4.8464
-0.6003 -7.1564
6.6853 -6.5439
-4.904 2.557
-0.06946 5.5537
-11.048 3.0303
6.3493 8.8039
-10.85 5.4775
0.624 5.6969
3.7646 -1.7119
-3.2871 5.764
-3.7997 5.3298
9.7502 2.2214
-6.101 -0.15807
0.16299 -1.6173
3.3779 2.23
0.32931 5.1104
2.9836 0.41965
2.3842 -0.46001
3.8001 2.4784
4.8586 0.91859
-0.73271 -8.5948
0.62969 11.164
2.9924 -0.36474
-5.728 1.6862
0.33685 -1.7056
-1.427 6.1524
-5.5293 2.9746
-3.4946 5.0284
5.0502 2.0869
-2.7735 12.209
0.22967 -7.5476
4.2948 11.17
7.8461 -4.4795
-4.4336 3.6441
9.9272 2.6616
6.9531 9.2989
6.6812 -4.8274
9.7883 4.43
3.158 4.2246
-12.668 3.5173
1.4414 -2.6469
4.4579 0.24178
2.9849 -0.46243
2.6981 3.9304
2.6705 -0.6358
0.42883 -2.2164
3.5331 10.876
-12.189 4.5082
-3.2331 -5.3137
-4.0301 4.4987
0.58391 -1.3759
11.318 1.978
9.6431 0.66543
-5.7346 1.75
-1.7672 -7.352
-0.31488 5.0249
-4.6729 4.9411
-5.8324 0.11676
4.8724 1.7981
1.9338 5.0793
-0.83864 -0.9773
0.48015 5.1484
-6.0756 -4.1988
3.692 2.2957
7.8442 8.1947
0.39616 -1.7714
-0.52097 -1.0967
3.6809 -0.051291
0.93709 5.9151
3.964 3.2842
-10.413 5.2544
-1.038 -0.8082
-5.9171 -0.62954
-0.53077 5.8027
9.2013 -1.1178
1.9121 -2.6852
1.1961 -2.5229
7.0907 -6.5679
2.7939 -1.3073
-13.217 2.8132
-3.4611 11.293
4.677 -7.787
-6.3776 -3.013
0.17345 6.4202
1.9948 -1.9003
1.9936 -8.1593
10.251 4.0112
10.245 -3.2523
4.61 1.2463
-5.4865 -5.0106
3.2136 -7.1432
6.3108 -6.1982
2.7977 -1.098
-4.5128 4.019
-4.8669 -4.4575
0.98343 -0.90137
-2.9914 4.5464
3.4769 -1.8395
3.0945 11.041
-5.9639 -1.3497
4.9755 1.9916
0.75472 -1.6621
4.3756 2.8414
10.537 -0.88408
-5.152 2.9671
-5.305 1.1231
3.8925 2.1563
-4.1053 4.6233
2.9633 11.632
1.1907 -1.0896
6.6468 9.7721
7.3023 9.5133
-4.3052 3.9862
-5.1741 1.5368
-9.203 9.5342
-11.51 6.4023
-13.132 2.6822
-4.9765 -5.1071
-1.6171 -8.1883
-3.0541 12.015
-0.20603 6.4594
4.2056 -0.53996
3.1295 -1.6283
-0.84951 -1.7065
-6.4609 -0.30072
0.056992 -1.941
3.047 -1.1873
-0.080641 -0.9492
-0.11982 -1.7397
5.7669 9.1148
6.2807 -7.2191
1.5021 -7.5884
-3.9334 3.9688
-5.3522 2.1404
8.54 -2.9906
0.85243 -1.1327
0.17599 5.0192
1.0828 11.568
4.2564 2.4146
-0.20822 5.632
10.166 -1.7223
-10.356 7.3155
-6.4703 1.5796
3.6067 -0.65197
-5.6848 -4.2491
9.6277 -0.61844
-6.3721 0.2475
3.2867 -1.9173
8.6767 8.5025
-5.5407 -0.91622
-2.9848 11.007
10.546 -2.0423
0.70649 -0.70866
-7.2834 -0.83731
3.7763 3.0113
2.3319 5.4411
-1.7112 4.7771
3.0801 -2.0453
4.6009 2.6196
7.9544 9.5103
-5.8425 -3.8608
8.4016 8.5212
4.5113 0.70928
9.6493 -0.31392
3.3173 4.3575
-6.877 0.71019
2.413 12.15
-10.066 5.7355
6.8187 8.8843
3.3719 1.3288
-3.8325 10.874
-4.8517 -5.7389
0.87319 -1.5201
2.0118 5.3147
4.6268 2.6843
8.19 -4.8926
4.8206 0.30187
-0.98765 -1.0591
-4.1399 12.387
-3.8962 5.3293
-10.199 6.0925
1.2015 -2.0333
0.93989 5.3582
-4.9196 3.8069
2.1284 -2.203
0.1499 11.899
-11.534 6.6277
-5.8601 2.885
-5.3585 4.1495
-4.4944 -4.6061
-8.3374 9.7771
-1.214 5.1759
3.3614 3.9868
7.4735 -4.8411
-4.5728 4.0991
9.7258 -4.3257
2.9146 3.4873
-8.3888 10.004
4.0679 3.1926
-5.0307 3.5801
-1.7813 -7.0775
9.6008 6.3749
2.146 -1.147
-4.3811 -4.3667
1.3074 -2.0185
-11.812 0.74276
3.9658 1.8877
1.0836 -1.7476
4.6706 -6.466
-4.9694 3.6576
0.86298 -0.80381
1.7733 12.005
10.734 4.0819
1.0548 5.9993
0.74488 5.3155
0.31038 -2.2085
3.4739 10.403
0.68312 -2.4108
-1.2831 6.7556
-6.5656 -1.1082
9.7916 1.1334
-5.89 -2.9425
-1.5359 5.145
10.143 4.5926
0.73798 5.1455
-4.8193 3.4279
-6.9021 -2.029
-0.13388 -1.681
-6.0839 3.7231
-7.0829 -0.45841
-2.0126 6.5485
-4.9729 -6.1375
5.7436 -5.8765
2.6412 4.1187
3.7635 -7.0316
-3.6612 4.5412
2.9905 -0.86683
9.8448 -4.3292
2.878 11.29
-0.17823 12.923
-5.124 11.065
6.9664 -6.1224
-5.4702 -0.52748
-11.493 6.6404
-12.16 2.4045
9.8077 2.548
4.515 -0.55659
2.0452 -0.91911
-5.8327 -5.2854
2.9542 -8.7421
9.4103 5.5806
-3.5583 3.9732
3.3246 5.0403
-5.9445 -3.7972
9.6849 -3.3877
-0.2762 -0.78034
0.51726 11.548
10.2 3.0031
-3.9229 11.579
0.3447 -1.4946
-4.9121 10.19
0.97233 -7.8465
6.2454 8.6942
10.257 6.1233
-3.8225 -4.527
-5.0677 4.3532
2.332 4.3285
9.1718 6.4109
6.847 9.1782
4.5258 1.417
-0.091283 12.159
5.8201 10.186
-0.89187 5.4463
-0.012626 5.7936
-4.9345 -5.7521
1.6342 5.4984
4.8362 2.6005
3.6183 0.81083
10.794 2.096
0.98389 11.839
-2.3901 10.879
-0.47512 -7.1622
10.06 4.3154
-5.0415 -4.203
3.9815 1.095
3.5137 -0.046751
-9.3976 8.7105
1.5242 -7.7614
0.87592 -1.0913
-4.3373 -6.1919
1.7232 11.589
4.32 -0.20367
-5.7433 3.6094
3.8431 2.1253
-9.6948 5.9817
0.50735 -0.80232
3.3413 1.8492
7.8124 7.5529
4.7551 -0.27429
11.367 1.2262
-0.86597 -6.7555
8.9561 -3.6188
-6.5528 0.065557
-2.0503 11.523
4.7632 -0.18078
-3.8138 -6.1155
2.1924 4.9219
8.019 8.0837
5.8419 -6.3999
9.1702 4.6392
7.2428 -5.6048
-0.3869 12.394
2.2439 12.279
6.6144 -5.4896
11.207 2.3112
1.1771 -1.7083
0.85412 -0.92107
1.0489 -2.4546
9.2064 3.8758
0.71998 12.047
0.71778 11.365
-7.5467 8.9255
-5.747 -0.11381
-12.794 3.657
4.6975 -0.22146
4.4504 -7.7834
-6.7489 -2.2217
-4.0439 4.8156
-0.55454 5.901
3.4846 2.6142
9.4413 -0.1915
1.1745 11.022
-3.9522 11.939
-4.8768 2.7919
-2.6474 -6.3396
3.4035 -0.48643
3.8621 0.60416
11.107 4.1268
2.2051 4.1253
5.3808 11.105
0.11532 -1.2702
-0.47774 -0.72028
3.6271 -6.6861
4.5029 2.7267
2.929 -2.263
-1.2641 -7.003
5.9404 10.472
0.13212 -1.1115
-4.9024 4.2629
-1.2233 11.1
-6.7435 1.1936
6.6111 -5.6718
-1.3235 5.9009
2.2965 -2.2822
4.0366 3.0559
3.313 -0.36415
-7.0525 -0.94906
-5.6298 0.63733
3.9767 3.8953
7.9293 -5.0769
-3.55 3.744
-1.0195 12.757
2.5834 -0.62232
9.7446 4.236
9.6662 2.146
-5.453 -4.2607
6.0857 10.114
-4.3777 5.2496
3.3472 -1.5819
-5.3415 4.0925
0.28524 -8.4941
3.3695 1.498
-8.1956 9.3931
-3.8999 11.679
0.067101 -0.74939
9.0958 7.8167
10.749 4.6582
2.5071 -1.1313
4.9854 9.7516
9.7845 -1.7866
-3.1781 4.9978
1.2029 -2.0905
-12.797 3.2288
-13.043 1.597
4.7895 0.6958
-5.1341 10.427
6.8466 -6.414
-4.2038 -4.0139
4.2574 0.92035
3.3139 -0.78192
-4.7969 2.9373
-2.9562 -6.6874
-0.17285 -1.1128
-6.9618 10.394
3.4755 2.9362
9.26 7.2123
-0.99329 4.8778
8.827 -3.2817
6.5421 -6.7873
4.3806 -8.4031
8.136 6.2464
0.56413 -2.4267
-3.2863 11.498
3.4565 2.1924
-10.011 8.6479
2.1379 -7.246
-9.9974 8.8091
-6.3134 9.9777
-3.4305 5.5581
-0.37209 6.4345
2.8591 -8.6651
-6.1978 1.1634
-0.18889 -8.5388
1.5801 -1.746
0.27121 -8.8447
-4.2352 -6.0006
-1.5381 5.0217
-6.1917 11.098
-5.3955 -4.8083
5.7663 -7.5421
2.1923 -7.9691
-7.551 9.2229
3.596 4.1105
6.7313 8.6283
10.308 6.1084
-6.0301 -2.1269
-3.7867 4.7401
0.29611 4.7962
9.4639 3.992
1.4482 -2.2952
1.9003 -2.0313
1.5288 12.365
3.7988 0.63718
-6.1967 0.11092
-8.3681 8.9257
-5.3055 10.291
1.5213 11.427
-0.58832 -1.2475
2.3026 -1.0276
1.0496 -2.5137
-6.1125 0.61053
9.145 -2.6414
4.6173 10.249
-0.3101 5.1362
1.6659 -2.234
-5.7197 3.6339
-6.1636 0.2391
3.499 12.296
8.8431 6.7202
10.86 3.6516
-4.3094 4.5871
8.9285 5.656
-9.5045 7.9625
-4.7895 3.0094
6.0473 -5.8584
3.0973 -2.1064
-11.776 1.7726
1.2745 -2.0205
-6.0238 0.63679
-4.1336 -4.0327
3.559 -1.2381
4.5644 2.6892
0.30749 12.116
1.5516 -2.5273
-5.3078 -5.2092
-12.394 0.3917
-5.7092 0.40345
0.16997 6.5562
11.265 -0.87668
-3.7857 -5.6172
3.4289 3.6877
4.2373 1.8613
0.93169 12.095
4.1132 0.61309
-5.05 1.1096
2.9252 2.9691
10.608 3.4843
3.7716 0.46034
6.3175 8.9429
3.1062 -1.1928
5.3811 11.562
-11.186 3.6955
3.473 5.1468
-7.0863 10.468
-3.3452 -6.5415
3.9655 -1.5103
-6.6715 1.2027
-5.227 -4.9774
3.7047 4.2244
-5.9833 11.108
9.561 -4.5946
10.469 4.4392
-7.1321 -0.58508
9.571 1.1512
-6.6468 -1.1892
4.2408 2.8117
9.9098 2.6752
-10.114 8.342
0.16538 5.2159
-5.2076 4.1019
3.61 4.7356
-0.35644 12.286
-11.29 5.6639
8.9568 -2.4114
-4.446 -3.7594
10.061 -3.6606
6.3544 -6.5308
-1.2897 -8.4994
4.9662 -0.083989
-5.573 2.6187
11.239 0.13405
10.248 -3.1158
-6.4513 10.983
2.4625 5.1908
3.0989 -0.54857
1.895 6.1147
-6.7023 -0.40605
9.7906 3.3959
-2.1765 5.7793
7.435 -6.1324
-11.183 2.968
